    2     1     3     5
    2     1     7     5
    2     1    12     5
    3     1     7     5
    3     1    12     5
    7     1    12     5
    5     4     6     5
    5     4     7     5
    5     4     8     5
    6     4     7     5
    6     4     8     5
    7     4     8     5
    1     7     4     5
    4     8     9     5
    8     9    10     5
    8     9    11     5
    8     9    44     5
   10     9    11     5
   10     9    44     5
   11     9    44     5
    1    12    13     5
    1    12    14     5
    1    12    16     5
   13    12    14     5
   13    12    16     5
   14    12    16     5
   12    14    15     5
   12    16    17     5
   12    16    18     5
   12    16    22     5
   17    16    18     5
   17    16    22     5
   18    16    22     5
   20    19    21     5
   20    19    22     5
   20    19    23     5
   21    19    22     5
   21    19    23     5
   22    19    23     5
   16    22    19     5
   19    23    24     5
   23    24    25     5
   23    24    26     5
   23    24    27     5
   25    24    26     5
   25    24    27     5
   26    24    27     5
   24    27    28     5
   24    27    29     5
   24    27    35     5
   28    27    29     5
   28    27    35     5
   29    27    35     5
   27    29    30     5
   29    30    31     5
   29    30    32     5
   31    30    32     5
   30    32    33     5
   30    32    34     5
   30    32    61     5
   33    32    34     5
   33    32    61     5
   34    32    61     5
   27    35    36     5
   27    35    37     5
   27    35    38     5
   36    35    37     5
   36    35    38     5
   37    35    38     5
   35    38    39     5
   38    39    40     5
   38    39    41     5
   40    39    41     5
   39    41    42     5
   39    41    43     5
   39    41   108     5
   42    41    43     5
   42    41   108     5
   43    41   108     5
    9    44    45     5
    9    44    46     5
    9    44    52     5
   45    44    46     5
   45    44    52     5
   46    44    52     5
   44    46    47     5
   46    47    48     5
   46    47    49     5
   48    47    49     5
   47    49    50     5
   47    49    51     5
   47    49   155     5
   50    49    51     5
   50    49   155     5
   51    49   155     5
   44    52    53     5
   44    52    54     5
   44    52    55     5
   53    52    54     5
   53    52    55     5
   54    52    55     5
   52    55    56     5
   55    56    57     5
   55    56    58     5
   57    56    58     5
   56    58    59     5
   56    58    60     5
   56    58   202     5
   59    58    60     5
   59    58   202     5
   60    58   202     5
   32    61    62     5
   32    61    63     5
   32    61    64     5
   62    61    63     5
   62    61    64     5
   63    61    64     5
   61    64    65     5
   61    64    66     5
   61    64    67     5
   65    64    66     5
   65    64    67     5
   66    64    67     5
   64    67    68     5
   64    67    69     5
   64    67    70     5
   68    67    69     5
   68    67    70     5
   69    67    70     5
   67    70    71     5
   67    70    72     5
   67    70    73     5
   71    70    72     5
   71    70    73     5
   72    70    73     5
   70    73    74     5
   70    73    75     5
   70    73    76     5
   74    73    75     5
   74    73    76     5
   75    73    76     5
   73    76    77     5
   73    76    78     5
   73    76    79     5
   77    76    78     5
   77    76    79     5
   78    76    79     5
   76    79    80     5
   76    79    81     5
   80    79    81     5
   79    81    82     5
   79    81    83     5
   82    81    83     5
   81    83    84     5
   81    83    85     5
   81    83    86     5
   84    83    85     5
   84    83    86     5
   85    83    86     5
   83    86    87     5
   83    86    88     5
   83    86    89     5
   87    86    88     5
   87    86    89     5
   88    86    89     5
   86    89    90     5
   86    89    91     5
   86    89    92     5
   90    89    91     5
   90    89    92     5
   91    89    92     5
   89    92    93     5
   89    92    94     5
   89    92    95     5
   93    92    94     5
   93    92    95     5
   94    92    95     5
   92    95    96     5
   92    95    97     5
   92    95    98     5
   96    95    97     5
   96    95    98     5
   97    95    98     5
   95    98    99     5
   95    98   100     5
   95    98   101     5
   99    98   100     5
   99    98   101     5
  100    98   101     5
   98   101   102     5
   98   101   103     5
   98   101   104     5
  102   101   103     5
  102   101   104     5
  103   101   104     5
  101   104   105     5
  101   104   106     5
  101   104   107     5
  105   104   106     5
  105   104   107     5
  106   104   107     5
   41   108   109     5
   41   108   110     5
   41   108   111     5
  109   108   110     5
  109   108   111     5
  110   108   111     5
  108   111   112     5
  108   111   113     5
  108   111   114     5
  112   111   113     5
  112   111   114     5
  113   111   114     5
  111   114   115     5
  111   114   116     5
  111   114   117     5
  115   114   116     5
  115   114   117     5
  116   114   117     5
  114   117   118     5
  114   117   119     5
  114   117   120     5
  118   117   119     5
  118   117   120     5
  119   117   120     5
  117   120   121     5
  117   120   122     5
  117   120   123     5
  121   120   122     5
  121   120   123     5
  122   120   123     5
  120   123   124     5
  120   123   125     5
  120   123   126     5
  124   123   125     5
  124   123   126     5
  125   123   126     5
  123   126   127     5
  123   126   128     5
  127   126   128     5
  126   128   129     5
  126   128   130     5
  129   128   130     5
  128   130   131     5
  128   130   132     5
  128   130   133     5
  131   130   132     5
  131   130   133     5
  132   130   133     5
  130   133   134     5
  130   133   135     5
  130   133   136     5
  134   133   135     5
  134   133   136     5
  135   133   136     5
  133   136   137     5
  133   136   138     5
  133   136   139     5
  137   136   138     5
  137   136   139     5
  138   136   139     5
  136   139   140     5
  136   139   141     5
  136   139   142     5
  140   139   141     5
  140   139   142     5
  141   139   142     5
  139   142   143     5
  139   142   144     5
  139   142   145     5
  143   142   144     5
  143   142   145     5
  144   142   145     5
  142   145   146     5
  142   145   147     5
  142   145   148     5
  146   145   147     5
  146   145   148     5
  147   145   148     5
  145   148   149     5
  145   148   150     5
  145   148   151     5
  149   148   150     5
  149   148   151     5
  150   148   151     5
  148   151   152     5
  148   151   153     5
  148   151   154     5
  152   151   153     5
  152   151   154     5
  153   151   154     5
   49   155   156     5
   49   155   157     5
   49   155   158     5
  156   155   157     5
  156   155   158     5
  157   155   158     5
  155   158   159     5
  155   158   160     5
  155   158   161     5
  159   158   160     5
  159   158   161     5
  160   158   161     5
  158   161   162     5
  158   161   163     5
  158   161   164     5
  162   161   163     5
  162   161   164     5
  163   161   164     5
  161   164   165     5
  161   164   166     5
  161   164   167     5
  165   164   166     5
  165   164   167     5
  166   164   167     5
  164   167   168     5
  164   167   169     5
  164   167   170     5
  168   167   169     5
  168   167   170     5
  169   167   170     5
  167   170   171     5
  167   170   172     5
  167   170   173     5
  171   170   172     5
  171   170   173     5
  172   170   173     5
  170   173   174     5
  170   173   175     5
  174   173   175     5
  173   175   176     5
  173   175   177     5
  176   175   177     5
  175   177   178     5
  175   177   179     5
  175   177   180     5
  178   177   179     5
  178   177   180     5
  179   177   180     5
  177   180   181     5
  177   180   182     5
  177   180   183     5
  181   180   182     5
  181   180   183     5
  182   180   183     5
  180   183   184     5
  180   183   185     5
  180   183   186     5
  184   183   185     5
  184   183   186     5
  185   183   186     5
  183   186   187     5
  183   186   188     5
  183   186   189     5
  187   186   188     5
  187   186   189     5
  188   186   189     5
  186   189   190     5
  186   189   191     5
  186   189   192     5
  190   189   191     5
  190   189   192     5
  191   189   192     5
  189   192   193     5
  189   192   194     5
  189   192   195     5
  193   192   194     5
  193   192   195     5
  194   192   195     5
  192   195   196     5
  192   195   197     5
  192   195   198     5
  196   195   197     5
  196   195   198     5
  197   195   198     5
  195   198   199     5
  195   198   200     5
  195   198   201     5
  199   198   200     5
  199   198   201     5
  200   198   201     5
   58   202   203     5
   58   202   204     5
   58   202   205     5
  203   202   204     5
  203   202   205     5
  204   202   205     5
  202   205   206     5
  202   205   207     5
  202   205   208     5
  206   205   207     5
  206   205   208     5
  207   205   208     5
  205   208   209     5
  205   208   210     5
  205   208   211     5
  209   208   210     5
  209   208   211     5
  210   208   211     5
  208   211   212     5
  208   211   213     5
  208   211   214     5
  212   211   213     5
  212   211   214     5
  213   211   214     5
  211   214   215     5
  211   214   216     5
  211   214   217     5
  215   214   216     5
  215   214   217     5
  216   214   217     5
  214   217   218     5
  214   217   219     5
  214   217   220     5
  218   217   219     5
  218   217   220     5
  219   217   220     5
  217   220   221     5
  217   220   222     5
  221   220   222     5
  220   222   223     5
  220   222   224     5
  223   222   224     5
  222   224   225     5
  222   224   226     5
  222   224   227     5
  225   224   226     5
  225   224   227     5
  226   224   227     5
  224   227   228     5
  224   227   229     5
  224   227   230     5
  228   227   229     5
  228   227   230     5
  229   227   230     5
  227   230   231     5
  227   230   232     5
  227   230   233     5
  231   230   232     5
  231   230   233     5
  232   230   233     5
  230   233   234     5
  230   233   235     5
  230   233   236     5
  234   233   235     5
  234   233   236     5
  235   233   236     5
  233   236   237     5
  233   236   238     5
  233   236   239     5
  237   236   238     5
  237   236   239     5
  238   236   239     5
  236   239   240     5
  236   239   241     5
  236   239   242     5
  240   239   241     5
  240   239   242     5
  241   239   242     5
  239   242   243     5
  239   242   244     5
  239   242   245     5
  243   242   244     5
  243   242   245     5
  244   242   245     5
  242   245   246     5
  242   245   247     5
  242   245   248     5
  246   245   247     5
  246   245   248     5
  247   245   248     5
