    1     2     1
    1     3     1
    1     7     1
    1    12     1
    4     5     1
    4     6     1
    4     7     1
    4     8     1
    8     9     1
    9    10     1
    9    11     1
    9    44     1
   12    13     1
   12    14     1
   12    16     1
   14    15     1
   16    17     1
   16    18     1
   16    22     1
   19    20     1
   19    21     1
   19    22     1
   19    23     1
   23    24     1
   24    25     1
   24    26     1
   24    27     1
   27    28     1
   27    29     1
   27    35     1
   29    30     1
   30    31     1
   30    32     1
   32    33     1
   32    34     1
   32    61     1
   35    36     1
   35    37     1
   35    38     1
   38    39     1
   39    40     1
   39    41     1
   41    42     1
   41    43     1
   41   108     1
   44    45     1
   44    46     1
   44    52     1
   46    47     1
   47    48     1
   47    49     1
   49    50     1
   49    51     1
   49   155     1
   52    53     1
   52    54     1
   52    55     1
   55    56     1
   56    57     1
   56    58     1
   58    59     1
   58    60     1
   58   202     1
   61    62     1
   61    63     1
   61    64     1
   64    65     1
   64    66     1
   64    67     1
   67    68     1
   67    69     1
   67    70     1
   70    71     1
   70    72     1
   70    73     1
   73    74     1
   73    75     1
   73    76     1
   76    77     1
   76    78     1
   76    79     1
   79    80     1
   79    81     1
   81    82     1
   81    83     1
   83    84     1
   83    85     1
   83    86     1
   86    87     1
   86    88     1
   86    89     1
   89    90     1
   89    91     1
   89    92     1
   92    93     1
   92    94     1
   92    95     1
   95    96     1
   95    97     1
   95    98     1
   98    99     1
   98   100     1
   98   101     1
  101   102     1
  101   103     1
  101   104     1
  104   105     1
  104   106     1
  104   107     1
  108   109     1
  108   110     1
  108   111     1
  111   112     1
  111   113     1
  111   114     1
  114   115     1
  114   116     1
  114   117     1
  117   118     1
  117   119     1
  117   120     1
  120   121     1
  120   122     1
  120   123     1
  123   124     1
  123   125     1
  123   126     1
  126   127     1
  126   128     1
  128   129     1
  128   130     1
  130   131     1
  130   132     1
  130   133     1
  133   134     1
  133   135     1
  133   136     1
  136   137     1
  136   138     1
  136   139     1
  139   140     1
  139   141     1
  139   142     1
  142   143     1
  142   144     1
  142   145     1
  145   146     1
  145   147     1
  145   148     1
  148   149     1
  148   150     1
  148   151     1
  151   152     1
  151   153     1
  151   154     1
  155   156     1
  155   157     1
  155   158     1
  158   159     1
  158   160     1
  158   161     1
  161   162     1
  161   163     1
  161   164     1
  164   165     1
  164   166     1
  164   167     1
  167   168     1
  167   169     1
  167   170     1
  170   171     1
  170   172     1
  170   173     1
  173   174     1
  173   175     1
  175   176     1
  175   177     1
  177   178     1
  177   179     1
  177   180     1
  180   181     1
  180   182     1
  180   183     1
  183   184     1
  183   185     1
  183   186     1
  186   187     1
  186   188     1
  186   189     1
  189   190     1
  189   191     1
  189   192     1
  192   193     1
  192   194     1
  192   195     1
  195   196     1
  195   197     1
  195   198     1
  198   199     1
  198   200     1
  198   201     1
  202   203     1
  202   204     1
  202   205     1
  205   206     1
  205   207     1
  205   208     1
  208   209     1
  208   210     1
  208   211     1
  211   212     1
  211   213     1
  211   214     1
  214   215     1
  214   216     1
  214   217     1
  217   218     1
  217   219     1
  217   220     1
  220   221     1
  220   222     1
  222   223     1
  222   224     1
  224   225     1
  224   226     1
  224   227     1
  227   228     1
  227   229     1
  227   230     1
  230   231     1
  230   232     1
  230   233     1
  233   234     1
  233   235     1
  233   236     1
  236   237     1
  236   238     1
  236   239     1
  239   240     1
  239   241     1
  239   242     1
  242   243     1
  242   244     1
  242   245     1
  245   246     1
  245   247     1
  245   248     1
