    2     1     7     4     9
    3     1     7     4     9
    2     1    12    13     9
    2     1    12    14     9
    2     1    12    16     9
    3     1    12    13     9
    3     1    12    14     9
    3     1    12    16     9
    7     1    12    13     9
    7     1    12    14     9
    7     1    12    16     9
    5     4     8     9     9
    6     4     8     9     9
    7     4     8     9     9
    4     7     1    12     9
    1     7     4     5     9
    1     7     4     6     9
    1     7     4     8     9
    4     8     9    10     9
    4     8     9    11     9
    4     8     9    44     9
    8     9    44    45     9
    8     9    44    46     9
    8     9    44    52     9
   10     9    44    45     9
   10     9    44    46     9
   10     9    44    52     9
   11     9    44    45     9
   11     9    44    46     9
   11     9    44    52     9
    1    12    14    15     9
   13    12    14    15     9
    1    12    16    17     9
    1    12    16    18     9
    1    12    16    22     9
   13    12    16    17     9
   13    12    16    18     9
   13    12    16    22     9
   14    12    16    17     9
   14    12    16    18     9
   14    12    16    22     9
   15    14    12    16     9
   12    16    22    19     9
   17    16    22    19     9
   18    16    22    19     9
   20    19    23    24     9
   21    19    23    24     9
   22    19    23    24     9
   16    22    19    20     9
   16    22    19    21     9
   16    22    19    23     9
   19    23    24    25     9
   19    23    24    26     9
   19    23    24    27     9
   23    24    27    28     9
   23    24    27    29     9
   23    24    27    35     9
   25    24    27    28     9
   25    24    27    29     9
   25    24    27    35     9
   26    24    27    28     9
   26    24    27    29     9
   26    24    27    35     9
   24    27    29    30     9
   28    27    29    30     9
   24    27    35    36     9
   24    27    35    37     9
   24    27    35    38     9
   28    27    35    36     9
   28    27    35    37     9
   28    27    35    38     9
   29    27    35    36     9
   29    27    35    37     9
   29    27    35    38     9
   30    29    27    35     9
   27    29    30    31     9
   27    29    30    32     9
   29    30    32    33     9
   29    30    32    34     9
   29    30    32    61     9
   31    30    32    33     9
   31    30    32    34     9
   31    30    32    61     9
   30    32    61    62     9
   30    32    61    63     9
   30    32    61    64     9
   33    32    61    62     9
   33    32    61    63     9
   33    32    61    64     9
   34    32    61    62     9
   34    32    61    63     9
   34    32    61    64     9
   27    35    38    39     9
   36    35    38    39     9
   37    35    38    39     9
   35    38    39    40     9
   35    38    39    41     9
   38    39    41    42     9
   38    39    41    43     9
   38    39    41   108     9
   40    39    41    42     9
   40    39    41    43     9
   40    39    41   108     9
   39    41   108   109     9
   39    41   108   110     9
   39    41   108   111     9
   42    41   108   109     9
   42    41   108   110     9
   42    41   108   111     9
   43    41   108   109     9
   43    41   108   110     9
   43    41   108   111     9
    9    44    46    47     9
   45    44    46    47     9
    9    44    52    53     9
    9    44    52    54     9
    9    44    52    55     9
   45    44    52    53     9
   45    44    52    54     9
   45    44    52    55     9
   46    44    52    53     9
   46    44    52    54     9
   46    44    52    55     9
   47    46    44    52     9
   44    46    47    48     9
   44    46    47    49     9
   46    47    49    50     9
   46    47    49    51     9
   46    47    49   155     9
   48    47    49    50     9
   48    47    49    51     9
   48    47    49   155     9
   47    49   155   156     9
   47    49   155   157     9
   47    49   155   158     9
   50    49   155   156     9
   50    49   155   157     9
   50    49   155   158     9
   51    49   155   156     9
   51    49   155   157     9
   51    49   155   158     9
   44    52    55    56     9
   53    52    55    56     9
   54    52    55    56     9
   52    55    56    57     9
   52    55    56    58     9
   55    56    58    59     9
   55    56    58    60     9
   55    56    58   202     9
   57    56    58    59     9
   57    56    58    60     9
   57    56    58   202     9
   56    58   202   203     9
   56    58   202   204     9
   56    58   202   205     9
   59    58   202   203     9
   59    58   202   204     9
   59    58   202   205     9
   60    58   202   203     9
   60    58   202   204     9
   60    58   202   205     9
   32    61    64    65     9
   32    61    64    66     9
   32    61    64    67     9
   62    61    64    65     9
   62    61    64    66     9
   62    61    64    67     9
   63    61    64    65     9
   63    61    64    66     9
   63    61    64    67     9
   61    64    67    68     9
   61    64    67    69     9
   61    64    67    70     9
   65    64    67    68     9
   65    64    67    69     9
   65    64    67    70     9
   66    64    67    68     9
   66    64    67    69     9
   66    64    67    70     9
   64    67    70    71     9
   64    67    70    72     9
   64    67    70    73     9
   68    67    70    71     9
   68    67    70    72     9
   68    67    70    73     9
   69    67    70    71     9
   69    67    70    72     9
   69    67    70    73     9
   67    70    73    74     9
   67    70    73    75     9
   67    70    73    76     9
   71    70    73    74     9
   71    70    73    75     9
   71    70    73    76     9
   72    70    73    74     9
   72    70    73    75     9
   72    70    73    76     9
   70    73    76    77     9
   70    73    76    78     9
   70    73    76    79     9
   74    73    76    77     9
   74    73    76    78     9
   74    73    76    79     9
   75    73    76    77     9
   75    73    76    78     9
   75    73    76    79     9
   73    76    79    80     9
   73    76    79    81     9
   77    76    79    80     9
   77    76    79    81     9
   78    76    79    80     9
   78    76    79    81     9
   76    79    81    82     9
   76    79    81    83     9
   80    79    81    82     9
   80    79    81    83     9
   79    81    83    84     9
   79    81    83    85     9
   79    81    83    86     9
   82    81    83    84     9
   82    81    83    85     9
   82    81    83    86     9
   81    83    86    87     9
   81    83    86    88     9
   81    83    86    89     9
   84    83    86    87     9
   84    83    86    88     9
   84    83    86    89     9
   85    83    86    87     9
   85    83    86    88     9
   85    83    86    89     9
   83    86    89    90     9
   83    86    89    91     9
   83    86    89    92     9
   87    86    89    90     9
   87    86    89    91     9
   87    86    89    92     9
   88    86    89    90     9
   88    86    89    91     9
   88    86    89    92     9
   86    89    92    93     9
   86    89    92    94     9
   86    89    92    95     9
   90    89    92    93     9
   90    89    92    94     9
   90    89    92    95     9
   91    89    92    93     9
   91    89    92    94     9
   91    89    92    95     9
   89    92    95    96     9
   89    92    95    97     9
   89    92    95    98     9
   93    92    95    96     9
   93    92    95    97     9
   93    92    95    98     9
   94    92    95    96     9
   94    92    95    97     9
   94    92    95    98     9
   92    95    98    99     9
   92    95    98   100     9
   92    95    98   101     9
   96    95    98    99     9
   96    95    98   100     9
   96    95    98   101     9
   97    95    98    99     9
   97    95    98   100     9
   97    95    98   101     9
   95    98   101   102     9
   95    98   101   103     9
   95    98   101   104     9
   99    98   101   102     9
   99    98   101   103     9
   99    98   101   104     9
  100    98   101   102     9
  100    98   101   103     9
  100    98   101   104     9
   98   101   104   105     9
   98   101   104   106     9
   98   101   104   107     9
  102   101   104   105     9
  102   101   104   106     9
  102   101   104   107     9
  103   101   104   105     9
  103   101   104   106     9
  103   101   104   107     9
   41   108   111   112     9
   41   108   111   113     9
   41   108   111   114     9
  109   108   111   112     9
  109   108   111   113     9
  109   108   111   114     9
  110   108   111   112     9
  110   108   111   113     9
  110   108   111   114     9
  108   111   114   115     9
  108   111   114   116     9
  108   111   114   117     9
  112   111   114   115     9
  112   111   114   116     9
  112   111   114   117     9
  113   111   114   115     9
  113   111   114   116     9
  113   111   114   117     9
  111   114   117   118     9
  111   114   117   119     9
  111   114   117   120     9
  115   114   117   118     9
  115   114   117   119     9
  115   114   117   120     9
  116   114   117   118     9
  116   114   117   119     9
  116   114   117   120     9
  114   117   120   121     9
  114   117   120   122     9
  114   117   120   123     9
  118   117   120   121     9
  118   117   120   122     9
  118   117   120   123     9
  119   117   120   121     9
  119   117   120   122     9
  119   117   120   123     9
  117   120   123   124     9
  117   120   123   125     9
  117   120   123   126     9
  121   120   123   124     9
  121   120   123   125     9
  121   120   123   126     9
  122   120   123   124     9
  122   120   123   125     9
  122   120   123   126     9
  120   123   126   127     9
  120   123   126   128     9
  124   123   126   127     9
  124   123   126   128     9
  125   123   126   127     9
  125   123   126   128     9
  123   126   128   129     9
  123   126   128   130     9
  127   126   128   129     9
  127   126   128   130     9
  126   128   130   131     9
  126   128   130   132     9
  126   128   130   133     9
  129   128   130   131     9
  129   128   130   132     9
  129   128   130   133     9
  128   130   133   134     9
  128   130   133   135     9
  128   130   133   136     9
  131   130   133   134     9
  131   130   133   135     9
  131   130   133   136     9
  132   130   133   134     9
  132   130   133   135     9
  132   130   133   136     9
  130   133   136   137     9
  130   133   136   138     9
  130   133   136   139     9
  134   133   136   137     9
  134   133   136   138     9
  134   133   136   139     9
  135   133   136   137     9
  135   133   136   138     9
  135   133   136   139     9
  133   136   139   140     9
  133   136   139   141     9
  133   136   139   142     9
  137   136   139   140     9
  137   136   139   141     9
  137   136   139   142     9
  138   136   139   140     9
  138   136   139   141     9
  138   136   139   142     9
  136   139   142   143     9
  136   139   142   144     9
  136   139   142   145     9
  140   139   142   143     9
  140   139   142   144     9
  140   139   142   145     9
  141   139   142   143     9
  141   139   142   144     9
  141   139   142   145     9
  139   142   145   146     9
  139   142   145   147     9
  139   142   145   148     9
  143   142   145   146     9
  143   142   145   147     9
  143   142   145   148     9
  144   142   145   146     9
  144   142   145   147     9
  144   142   145   148     9
  142   145   148   149     9
  142   145   148   150     9
  142   145   148   151     9
  146   145   148   149     9
  146   145   148   150     9
  146   145   148   151     9
  147   145   148   149     9
  147   145   148   150     9
  147   145   148   151     9
  145   148   151   152     9
  145   148   151   153     9
  145   148   151   154     9
  149   148   151   152     9
  149   148   151   153     9
  149   148   151   154     9
  150   148   151   152     9
  150   148   151   153     9
  150   148   151   154     9
   49   155   158   159     9
   49   155   158   160     9
   49   155   158   161     9
  156   155   158   159     9
  156   155   158   160     9
  156   155   158   161     9
  157   155   158   159     9
  157   155   158   160     9
  157   155   158   161     9
  155   158   161   162     9
  155   158   161   163     9
  155   158   161   164     9
  159   158   161   162     9
  159   158   161   163     9
  159   158   161   164     9
  160   158   161   162     9
  160   158   161   163     9
  160   158   161   164     9
  158   161   164   165     9
  158   161   164   166     9
  158   161   164   167     9
  162   161   164   165     9
  162   161   164   166     9
  162   161   164   167     9
  163   161   164   165     9
  163   161   164   166     9
  163   161   164   167     9
  161   164   167   168     9
  161   164   167   169     9
  161   164   167   170     9
  165   164   167   168     9
  165   164   167   169     9
  165   164   167   170     9
  166   164   167   168     9
  166   164   167   169     9
  166   164   167   170     9
  164   167   170   171     9
  164   167   170   172     9
  164   167   170   173     9
  168   167   170   171     9
  168   167   170   172     9
  168   167   170   173     9
  169   167   170   171     9
  169   167   170   172     9
  169   167   170   173     9
  167   170   173   174     9
  167   170   173   175     9
  171   170   173   174     9
  171   170   173   175     9
  172   170   173   174     9
  172   170   173   175     9
  170   173   175   176     9
  170   173   175   177     9
  174   173   175   176     9
  174   173   175   177     9
  173   175   177   178     9
  173   175   177   179     9
  173   175   177   180     9
  176   175   177   178     9
  176   175   177   179     9
  176   175   177   180     9
  175   177   180   181     9
  175   177   180   182     9
  175   177   180   183     9
  178   177   180   181     9
  178   177   180   182     9
  178   177   180   183     9
  179   177   180   181     9
  179   177   180   182     9
  179   177   180   183     9
  177   180   183   184     9
  177   180   183   185     9
  177   180   183   186     9
  181   180   183   184     9
  181   180   183   185     9
  181   180   183   186     9
  182   180   183   184     9
  182   180   183   185     9
  182   180   183   186     9
  180   183   186   187     9
  180   183   186   188     9
  180   183   186   189     9
  184   183   186   187     9
  184   183   186   188     9
  184   183   186   189     9
  185   183   186   187     9
  185   183   186   188     9
  185   183   186   189     9
  183   186   189   190     9
  183   186   189   191     9
  183   186   189   192     9
  187   186   189   190     9
  187   186   189   191     9
  187   186   189   192     9
  188   186   189   190     9
  188   186   189   191     9
  188   186   189   192     9
  186   189   192   193     9
  186   189   192   194     9
  186   189   192   195     9
  190   189   192   193     9
  190   189   192   194     9
  190   189   192   195     9
  191   189   192   193     9
  191   189   192   194     9
  191   189   192   195     9
  189   192   195   196     9
  189   192   195   197     9
  189   192   195   198     9
  193   192   195   196     9
  193   192   195   197     9
  193   192   195   198     9
  194   192   195   196     9
  194   192   195   197     9
  194   192   195   198     9
  192   195   198   199     9
  192   195   198   200     9
  192   195   198   201     9
  196   195   198   199     9
  196   195   198   200     9
  196   195   198   201     9
  197   195   198   199     9
  197   195   198   200     9
  197   195   198   201     9
   58   202   205   206     9
   58   202   205   207     9
   58   202   205   208     9
  203   202   205   206     9
  203   202   205   207     9
  203   202   205   208     9
  204   202   205   206     9
  204   202   205   207     9
  204   202   205   208     9
  202   205   208   209     9
  202   205   208   210     9
  202   205   208   211     9
  206   205   208   209     9
  206   205   208   210     9
  206   205   208   211     9
  207   205   208   209     9
  207   205   208   210     9
  207   205   208   211     9
  205   208   211   212     9
  205   208   211   213     9
  205   208   211   214     9
  209   208   211   212     9
  209   208   211   213     9
  209   208   211   214     9
  210   208   211   212     9
  210   208   211   213     9
  210   208   211   214     9
  208   211   214   215     9
  208   211   214   216     9
  208   211   214   217     9
  212   211   214   215     9
  212   211   214   216     9
  212   211   214   217     9
  213   211   214   215     9
  213   211   214   216     9
  213   211   214   217     9
  211   214   217   218     9
  211   214   217   219     9
  211   214   217   220     9
  215   214   217   218     9
  215   214   217   219     9
  215   214   217   220     9
  216   214   217   218     9
  216   214   217   219     9
  216   214   217   220     9
  214   217   220   221     9
  214   217   220   222     9
  218   217   220   221     9
  218   217   220   222     9
  219   217   220   221     9
  219   217   220   222     9
  217   220   222   223     9
  217   220   222   224     9
  221   220   222   223     9
  221   220   222   224     9
  220   222   224   225     9
  220   222   224   226     9
  220   222   224   227     9
  223   222   224   225     9
  223   222   224   226     9
  223   222   224   227     9
  222   224   227   228     9
  222   224   227   229     9
  222   224   227   230     9
  225   224   227   228     9
  225   224   227   229     9
  225   224   227   230     9
  226   224   227   228     9
  226   224   227   229     9
  226   224   227   230     9
  224   227   230   231     9
  224   227   230   232     9
  224   227   230   233     9
  228   227   230   231     9
  228   227   230   232     9
  228   227   230   233     9
  229   227   230   231     9
  229   227   230   232     9
  229   227   230   233     9
  227   230   233   234     9
  227   230   233   235     9
  227   230   233   236     9
  231   230   233   234     9
  231   230   233   235     9
  231   230   233   236     9
  232   230   233   234     9
  232   230   233   235     9
  232   230   233   236     9
  230   233   236   237     9
  230   233   236   238     9
  230   233   236   239     9
  234   233   236   237     9
  234   233   236   238     9
  234   233   236   239     9
  235   233   236   237     9
  235   233   236   238     9
  235   233   236   239     9
  233   236   239   240     9
  233   236   239   241     9
  233   236   239   242     9
  237   236   239   240     9
  237   236   239   241     9
  237   236   239   242     9
  238   236   239   240     9
  238   236   239   241     9
  238   236   239   242     9
  236   239   242   243     9
  236   239   242   244     9
  236   239   242   245     9
  240   239   242   243     9
  240   239   242   244     9
  240   239   242   245     9
  241   239   242   243     9
  241   239   242   244     9
  241   239   242   245     9
  239   242   245   246     9
  239   242   245   247     9
  239   242   245   248     9
  243   242   245   246     9
  243   242   245   247     9
  243   242   245   248     9
  244   242   245   246     9
  244   242   245   247     9
  244   242   245   248     9
