    1     5     1 
    1     6     1
    1     8     1
    1    15     1
    1    17     1
    1    18     1
    1    22     1
    2     4     1
    2    13     1
    2    14     1
    2    16     1
    3     4     1
    3    13     1
    3    14     1
    3    16     1
    4    10     1
    4    11     1
    4    12     1
    4    44     1
    5     9     1
    6     9     1
    7     9     1
    7    13     1
    7    14     1
    7    16     1
    8    45     1
    8    46     1
    8    52     1
    9    47     1
    9    53     1
    9    54     1
    9    55     1
   10    45     1
   10    46     1
   10    52     1
   11    45     1
   11    46     1
   11    52     1
   12    19     1
   13    15     1
   13    17     1
   13    18     1
   13    22     1
   14    17     1
   14    18     1
   14    22     1
   15    16     1
   16    20     1
   16    21     1
   16    23     1
   17    19     1
   18    19     1
   19    25     1
   19    26     1
   19    27     1
   20    24     1
   21    24     1
   22    24     1
   23    28     1
   23    29     1
   23    35     1
   24    30     1
   24    36     1
   24    37     1
   24    38     1
   25    28     1
   25    29     1
   25    35     1
   26    28     1
   26    29     1
   26    35     1
   27    31     1
   27    32     1
   27    39     1
   28    30     1
   28    36     1
   28    37     1
   28    38     1
   29    33     1
   29    34     1
   29    36     1
   29    37     1
   29    38     1
   29    61     1
   30    35     1
   30    62     1
   30    63     1
   30    64     1
   31    33     1
   31    34     1
   31    61     1
   32    65     1
   32    66     1
   32    67     1
   33    62     1
   33    63     1
   33    64     1
   34    62     1
   34    63     1
   34    64     1
   35    40     1
   35    41     1
   36    39     1
   37    39     1
   38    42     1
   38    43     1
   38   108     1
   39   109     1
   39   110     1
   39   111     1
   40    42     1
   40    43     1
   40   108     1
   41   112     1
   41   113     1
   41   114     1
   42   109     1
   42   110     1
   42   111     1
   43   109     1
   43   110     1
   43   111     1
   44    48     1
   44    49     1
   44    56     1
   45    47     1
   45    53     1
   45    54     1
   45    55     1
   46    50     1
   46    51     1
   46    53     1
   46    54     1
   46    55     1
   46   155     1
   47    52     1
   47   156     1
   47   157     1
   47   158     1
   48    50     1
   48    51     1
   48   155     1
   49   159     1
   49   160     1
   49   161     1
   50   156     1
   50   157     1
   50   158     1
   51   156     1
   51   157     1
   51   158     1
   52    57     1
   52    58     1
   53    56     1
   54    56     1
   55    59     1
   55    60     1
   55   202     1
   56   203     1
   56   204     1
   56   205     1
   57    59     1
   57    60     1
   57   202     1
   58   206     1
   58   207     1
   58   208     1
   59   203     1
   59   204     1
   59   205     1
   60   203     1
   60   204     1
   60   205     1
   61    68     1
   61    69     1
   61    70     1
   62    65     1
   62    66     1
   62    67     1
   63    65     1
   63    66     1
   63    67     1
   64    71     1
   64    72     1
   64    73     1
   65    68     1
   65    69     1
   65    70     1
   66    68     1
   66    69     1
   66    70     1
   67    74     1
   67    75     1
   67    76     1
   68    71     1
   68    72     1
   68    73     1
   69    71     1
   69    72     1
   69    73     1
   70    77     1
   70    78     1
   70    79     1
   71    74     1
   71    75     1
   71    76     1
   72    74     1
   72    75     1
   72    76     1
   73    80     1
   73    81     1
   74    77     1
   74    78     1
   74    79     1
   75    77     1
   75    78     1
   75    79     1
   76    82     1
   76    83     1
   77    80     1
   77    81     1
   78    80     1
   78    81     1
   79    84     1
   79    85     1
   79    86     1
   80    82     1
   80    83     1
   81    87     1
   81    88     1
   81    89     1
   82    84     1
   82    85     1
   82    86     1
   83    90     1
   83    91     1
   83    92     1
   84    87     1
   84    88     1
   84    89     1
   85    87     1
   85    88     1
   85    89     1
   86    93     1
   86    94     1
   86    95     1
   87    90     1
   87    91     1
   87    92     1
   88    90     1
   88    91     1
   88    92     1
   89    96     1
   89    97     1
   89    98     1
   90    93     1
   90    94     1
   90    95     1
   91    93     1
   91    94     1
   91    95     1
   92    99     1
   92   100     1
   92   101     1
   93    96     1
   93    97     1
   93    98     1
   94    96     1
   94    97     1
   94    98     1
   95   102     1
   95   103     1
   95   104     1
   96    99     1
   96   100     1
   96   101     1
   97    99     1
   97   100     1
   97   101     1
   98   105     1
   98   106     1
   98   107     1
   99   102     1
   99   103     1
   99   104     1
  100   102     1
  100   103     1
  100   104     1
  102   105     1
  102   106     1
  102   107     1
  103   105     1
  103   106     1
  103   107     1
  108   115     1
  108   116     1
  108   117     1
  109   112     1
  109   113     1
  109   114     1
  110   112     1
  110   113     1
  110   114     1
  111   118     1
  111   119     1
  111   120     1
  112   115     1
  112   116     1
  112   117     1
  113   115     1
  113   116     1
  113   117     1
  114   121     1
  114   122     1
  114   123     1
  115   118     1
  115   119     1
  115   120     1
  116   118     1
  116   119     1
  116   120     1
  117   124     1
  117   125     1
  117   126     1
  118   121     1
  118   122     1
  118   123     1
  119   121     1
  119   122     1
  119   123     1
  120   127     1
  120   128     1
  121   124     1
  121   125     1
  121   126     1
  122   124     1
  122   125     1
  122   126     1
  123   129     1
  123   130     1
  124   127     1
  124   128     1
  125   127     1
  125   128     1
  126   131     1
  126   132     1
  126   133     1
  127   129     1
  127   130     1
  128   134     1
  128   135     1
  128   136     1
  129   131     1
  129   132     1
  129   133     1
  130   137     1
  130   138     1
  130   139     1
  131   134     1
  131   135     1
  131   136     1
  132   134     1
  132   135     1
  132   136     1
  133   140     1
  133   141     1
  133   142     1
  134   137     1
  134   138     1
  134   139     1
  135   137     1
  135   138     1
  135   139     1
  136   143     1
  136   144     1
  136   145     1
  137   140     1
  137   141     1
  137   142     1
  138   140     1
  138   141     1
  138   142     1
  139   146     1
  139   147     1
  139   148     1
  140   143     1
  140   144     1
  140   145     1
  141   143     1
  141   144     1
  141   145     1
  142   149     1
  142   150     1
  142   151     1
  143   146     1
  143   147     1
  143   148     1
  144   146     1
  144   147     1
  144   148     1
  145   152     1
  145   153     1
  145   154     1
  146   149     1
  146   150     1
  146   151     1
  147   149     1
  147   150     1
  147   151     1
  149   152     1
  149   153     1
  149   154     1
  150   152     1
  150   153     1
  150   154     1
  155   162     1
  155   163     1
  155   164     1
  156   159     1
  156   160     1
  156   161     1
  157   159     1
  157   160     1
  157   161     1
  158   165     1
  158   166     1
  158   167     1
  159   162     1
  159   163     1
  159   164     1
  160   162     1
  160   163     1
  160   164     1
  161   168     1
  161   169     1
  161   170     1
  162   165     1
  162   166     1
  162   167     1
  163   165     1
  163   166     1
  163   167     1
  164   171     1
  164   172     1
  164   173     1
  165   168     1
  165   169     1
  165   170     1
  166   168     1
  166   169     1
  166   170     1
  167   174     1
  167   175     1
  168   171     1
  168   172     1
  168   173     1
  169   171     1
  169   172     1
  169   173     1
  170   176     1
  170   177     1
  171   174     1
  171   175     1
  172   174     1
  172   175     1
  173   178     1
  173   179     1
  173   180     1
  174   176     1
  174   177     1
  175   181     1
  175   182     1
  175   183     1
  176   178     1
  176   179     1
  176   180     1
  177   184     1
  177   185     1
  177   186     1
  178   181     1
  178   182     1
  178   183     1
  179   181     1
  179   182     1
  179   183     1
  180   187     1
  180   188     1
  180   189     1
  181   184     1
  181   185     1
  181   186     1
  182   184     1
  182   185     1
  182   186     1
  183   190     1
  183   191     1
  183   192     1
  184   187     1
  184   188     1
  184   189     1
  185   187     1
  185   188     1
  185   189     1
  186   193     1
  186   194     1
  186   195     1
  187   190     1
  187   191     1
  187   192     1
  188   190     1
  188   191     1
  188   192     1
  189   196     1
  189   197     1
  189   198     1
  190   193     1
  190   194     1
  190   195     1
  191   193     1
  191   194     1
  191   195     1
  192   199     1
  192   200     1
  192   201     1
  193   196     1
  193   197     1
  193   198     1
  194   196     1
  194   197     1
  194   198     1
  196   199     1
  196   200     1
  196   201     1
  197   199     1
  197   200     1
  197   201     1
  202   209     1
  202   210     1
  202   211     1
  203   206     1
  203   207     1
  203   208     1
  204   206     1
  204   207     1
  204   208     1
  205   212     1
  205   213     1
  205   214     1
  206   209     1
  206   210     1
  206   211     1
  207   209     1
  207   210     1
  207   211     1
  208   215     1
  208   216     1
  208   217     1
  209   212     1
  209   213     1
  209   214     1
  210   212     1
  210   213     1
  210   214     1
  211   218     1
  211   219     1
  211   220     1
  212   215     1
  212   216     1
  212   217     1
  213   215     1
  213   216     1
  213   217     1
  214   221     1
  214   222     1
  215   218     1
  215   219     1
  215   220     1
  216   218     1
  216   219     1
  216   220     1
  217   223     1
  217   224     1
  218   221     1
  218   222     1
  219   221     1
  219   222     1
  220   225     1
  220   226     1
  220   227     1
  221   223     1
  221   224     1
  222   228     1
  222   229     1
  222   230     1
  223   225     1
  223   226     1
  223   227     1
  224   231     1
  224   232     1
  224   233     1
  225   228     1
  225   229     1
  225   230     1
  226   228     1
  226   229     1
  226   230     1
  227   234     1
  227   235     1
  227   236     1
  228   231     1
  228   232     1
  228   233     1
  229   231     1
  229   232     1
  229   233     1
  230   237     1
  230   238     1
  230   239     1
  231   234     1
  231   235     1
  231   236     1
  232   234     1
  232   235     1
  232   236     1
  233   240     1
  233   241     1
  233   242     1
  234   237     1
  234   238     1
  234   239     1
  235   237     1
  235   238     1
  235   239     1
  236   243     1
  236   244     1
  236   245     1
  237   240     1
  237   241     1
  237   242     1
  238   240     1
  238   241     1
  238   242     1
  239   246     1
  239   247     1
  239   248     1
  240   243     1
  240   244     1
  240   245     1
  241   243     1
  241   244     1
  241   245     1
  243   246     1
  243   247     1
  243   248     1
  244   246     1
  244   247     1
  244   248     1
